EMBY_API_KEY: 00000000000000000000
HOMEASSISTANT_LATITUDE: 50.000000
HOMEASSISTANT_LONGITUDE: 10.000000
HTTP_API_PASSWORD: 00000000000000000000
LG_TV_ACCESS_TOKEN: 00000000000000000000
MQTT_CLIENT_ID: homeassistant-1
MQTT_PASSWORD: 00000000000000000000
MQTT_USERNAME: user
SLACK_API_KEY: '00000000000000000000'
TADO_HOME_ID: 00000000000000000000
TADO_PASSWORD: 00000000000000000000
TADO_USERNAME: 00000000000000000000
UNIFI_SSH: 00000000000000000000
XIAOMI_GATEWAY_1_KEY: 00000000000000000000
XIAOMI_GATEWAY_1_MAC: 00000000000000000000
XIAOMI_GATEWAY_2_KEY: 00000000000000000000
XIAOMI_GATEWAY_2_MAC: 00000000000000000000
